100000 100
0 7105 71642
1 33588 43573
0 5129 66698
0 84450 92984
0 42483 78683
0 41952 83303
1 49014 81888
1 655 13190
0 52912 57126
0 23019 77805
1 760 94662
1 44602 79784
0 27652 88332
0 28455 78732
1 7138 34339
0 65443 75515
1 37223 47331
1 64339 92086
0 33603 84985
1 16525 27760
1 1765 28520
1 10462 24657
0 12989 62733
1 8073 20133
1 58764 86870
0 34279 96089
0 4964 87854
1 79205 79940
0 50284 81277
0 94842 97802
0 15919 62420
1 26382 41011
0 80557 89115
0 25601 47755
0 12471 59760
0 24912 78903
0 46228 79842
1 25433 44464
0 73425 75718
1 35989 70560
0 42665 49332
0 77861 90344
0 37715 87253
1 26909 35008
0 11120 24177
0 90023 96562
1 19578 69865
0 14096 30681
0 4106 21259
1 40095 93348
1 79591 99112
1 76974 81753
0 14689 26650
0 41598 77014
0 52979 82128
0 41415 78690
1 14620 54763
1 14340 45068
1 15703 66328
1 59676 92783
1 40424 55619
1 53724 53750
0 73771 80374
1 73740 81046
1 23328 26719
1 68134 93083
1 39250 52861
1 69942 98856
1 75533 85645
1 72669 78429
0 9900 18853
1 46243 88955
1 75913 79079
0 3919 60125
1 6228 83453
0 74313 92888
0 53792 62101
0 47891 60958
0 52843 70707
1 25512 92554
0 51764 57726
0 94868 98008
1 2087 90273
0 89681 94192
1 421 51015
0 71772 91086
1 44879 60664
1 5158 9122
1 19595 79829
1 19677 72384
0 46462 98188
0 28256 57682
1 47280 59770
1 45383 65803
0 3611 16818
1 4942 77997
0 45271 65607
0 74646 87117
0 6712 64980
0 24509 26389
